{
    "_versionMajor": 0,
    "_versionMinor": 4,
    "boundsCenter": {
        "x": 0.04116058349609375,
        "y": -0.24529147148132324,
        "z": 0.1757335662841797
    },
    "boundsSize": {
        "x": 4.401404857635498,
        "y": 4.758667945861816,
        "z": 3.0159335136413574
    },
    "format": "perpixel",
    "numAngles": 5,
    "perspectives": [
        {
            "clipEpsilon": 0.0027160390745848417,
            "crop": {
                "w": 0.9603623747825623,
                "x": 0.12103623896837234,
                "y": 0.039637599140405655,
                "z": 0.7451868653297424
            },
            "depthFocalLength": {
                "x": 913.5475463867188,
                "y": 912.9125366210938
            },
            "depthImageSize": {
                "x": 1920.0,
                "y": 1080.0
            },
            "depthPrincipalPoint": {
                "x": 956.7377319335938,
                "y": 550.3726196289062
            },
            "extrinsics": {
                "e00": -0.9989690184593201,
                "e01": 0.024429429322481155,
                "e02": -0.03826339915394783,
                "e03": -0.09490370750427246,
                "e10": 0.03046294115483761,
                "e11": 0.9856510758399963,
                "e12": -0.16602395474910736,
                "e13": -1.353300929069519,
                "e20": 0.03365848958492279,
                "e21": -0.16701841354370117,
                "e22": -0.9853790998458862,
                "e23": -1.7045282125473022,
                "e30": 0.0,
                "e31": 0.0,
                "e32": 0.0,
                "e33": 1.0
            },
            "farClip": 2.8132224082946777,
            "nearClip": 0.9723063707351685
        },
        {
            "clipEpsilon": 0.0031163294333964586,
            "crop": {
                "w": 1.0,
                "x": 0.06688845157623291,
                "y": 0.0,
                "z": 0.786594033241272
            },
            "depthFocalLength": {
                "x": 918.948486328125,
                "y": 918.5714721679688
            },
            "depthImageSize": {
                "x": 1920.0,
                "y": 1080.0
            },
            "depthPrincipalPoint": {
                "x": 960.7064208984375,
                "y": 554.01318359375
            },
            "extrinsics": {
                "e00": 0.1326647251844406,
                "e01": 0.7571526169776917,
                "e02": -0.6396248936653137,
                "e03": -1.2494168281555176,
                "e10": -0.9695379137992859,
                "e11": -0.03492825850844383,
                "e12": -0.2424381822347641,
                "e13": -1.471036672592163,
                "e20": -0.20590367913246155,
                "e21": 0.6523035764694214,
                "e22": 0.7294543981552124,
                "e23": 1.3331314325332642,
                "e30": 0.0,
                "e31": 0.0,
                "e32": 0.0,
                "e33": 1.0
            },
            "farClip": 2.410811424255371,
            "nearClip": 0.8063598275184631
        },
        {
            "clipEpsilon": 0.0034936368465423584,
            "crop": {
                "w": 0.9886749982833862,
                "x": 0.015925820916891098,
                "y": 1.6959984527886718e-09,
                "z": 0.8789637684822083
            },
            "depthFocalLength": {
                "x": 909.8701782226562,
                "y": 909.4414672851562
            },
            "depthImageSize": {
                "x": 1920.0,
                "y": 1080.0
            },
            "depthPrincipalPoint": {
                "x": 959.8694458007812,
                "y": 550.7261962890625
            },
            "extrinsics": {
                "e00": -0.3305549919605255,
                "e01": 0.6026339530944824,
                "e02": 0.726337194442749,
                "e03": 1.2321237325668335,
                "e10": -0.9379251003265381,
                "e11": -0.12411756813526154,
                "e12": -0.32386934757232666,
                "e13": -1.524606466293335,
                "e20": -0.10502345114946365,
                "e21": -0.788306474685669,
                "e22": 0.6062532067298889,
                "e23": 1.162817358970642,
                "e30": 0.0,
                "e31": 0.0,
                "e32": 0.0,
                "e33": 1.0
            },
            "farClip": 2.348857879638672,
            "nearClip": 0.9176844954490662
        },
        {
            "clipEpsilon": 0.0025239659007638693,
            "crop": {
                "w": 1.0,
                "x": 0.0,
                "y": 0.0,
                "z": 0.8662230968475342
            },
            "depthFocalLength": {
                "x": 919.6367797851562,
                "y": 919.1775512695312
            },
            "depthImageSize": {
                "x": 1920.0,
                "y": 1080.0
            },
            "depthPrincipalPoint": {
                "x": 958.9078979492188,
                "y": 547.916015625
            },
            "extrinsics": {
                "e00": -0.2357155680656433,
                "e01": -0.7640953063964844,
                "e02": 0.6004968881607056,
                "e03": 1.0924447774887085,
                "e10": -0.9286976456642151,
                "e11": -0.004919328261166811,
                "e12": -0.37080517411231995,
                "e13": -1.5400621891021729,
                "e20": 0.28628453612327576,
                "e21": -0.64508455991745,
                "e22": -0.7084540128707886,
                "e23": -1.2675758600234985,
                "e30": 0.0,
                "e31": 0.0,
                "e32": 0.0,
                "e33": 1.0
            },
            "farClip": 2.743500232696533,
            "nearClip": 0.7624909281730652
        },
        {
            "clipEpsilon": 0.0026032044552266598,
            "crop": {
                "w": 1.0,
                "x": 0.07962910830974579,
                "y": 0.0,
                "z": 0.7706681489944458
            },
            "depthFocalLength": {
                "x": 911.5370483398438,
                "y": 911.4032592773438
            },
            "depthImageSize": {
                "x": 1920.0,
                "y": 1080.0
            },
            "depthPrincipalPoint": {
                "x": 961.2340087890625,
                "y": 549.2305908203125
            },
            "extrinsics": {
                "e00": 0.23782379925251007,
                "e01": -0.5646792650222778,
                "e02": -0.7903019189834595,
                "e03": -1.339893102645874,
                "e10": -0.9555246233940125,
                "e11": 0.010070554912090302,
                "e12": -0.29473942518234253,
                "e13": -1.4740244150161743,
                "e20": 0.17439202964305878,
                "e21": 0.8252489566802979,
                "e22": -0.5371699333190918,
                "e23": -1.141953468322754,
                "e30": 0.0,
                "e31": 0.0,
                "e32": 0.0,
                "e33": 1.0
            },
            "farClip": 2.812547206878662,
            "nearClip": 0.8918375968933105
        }
    ],
    "textureHeight": 4160,
    "textureWidth": 4320,
    "numRows": 2,
    "numColumns": 3
}