{
    "_versionMajor": 0,
    "_versionMinor": 4,
    "boundsCenter": {
        "x": -0.032306671142578125,
        "y": -0.8245725631713867,
        "z": 0.10847198963165283
    },
    "boundsSize": {
        "x": 1.4794178009033203,
        "y": 2.8156394958496094,
        "z": 1.5507209300994873
    },
    "format": "perpixel",
    "numAngles": 5,
    "perspectives": [
        {
            "clipEpsilon": 0.0046796430833637714,
            "crop": {
                "w": 0.4785631597042084,
                "x": 0.1759849339723587,
                "y": 0.260718435049057,
                "z": 0.6317352056503296
            },
            "depthFocalLength": {
                "x": 1202.414794921875,
                "y": 1201.7833251953125
            },
            "depthImageSize": {
                "x": 2560.0,
                "y": 1440.0
            },
            "depthPrincipalPoint": {
                "x": 1271.9864501953125,
                "y": 743.6299438476562
            },
            "extrinsics": {
                "e00": -0.15997758507728577,
                "e01": -0.7408897876739502,
                "e02": 0.6522955894470215,
                "e03": 1.0629103183746338,
                "e10": -0.9679645299911499,
                "e11": -0.01180893275886774,
                "e12": -0.2508092224597931,
                "e13": -1.3898621797561646,
                "e20": 0.19352489709854126,
                "e21": -0.671522855758667,
                "e22": -0.7152658104896545,
                "e23": -1.1035529375076294,
                "e30": 0.0,
                "e31": 0.0,
                "e32": 0.0,
                "e33": 1.0
            },
            "farClip": 2.162703037261963,
            "nearClip": 1.0942455530166626
        },
        {
            "clipEpsilon": 0.005339625291526318,
            "crop": {
                "w": 0.553881824016571,
                "x": 0.1531720757484436,
                "y": 0.22016222774982452,
                "z": 0.6024044156074524
            },
            "depthFocalLength": {
                "x": 1220.5576171875,
                "y": 1220.624267578125
            },
            "depthImageSize": {
                "x": 2560.0,
                "y": 1440.0
            },
            "depthPrincipalPoint": {
                "x": 1277.11767578125,
                "y": 733.5386962890625
            },
            "extrinsics": {
                "e00": 0.04044467955827713,
                "e01": -0.9972493648529053,
                "e02": -0.062112387269735336,
                "e03": -0.10310531407594681,
                "e10": -0.950115442276001,
                "e11": -0.01914353296160698,
                "e12": -0.3113104999065399,
                "e13": -1.616483211517334,
                "e20": 0.30926513671875,
                "e21": 0.07160478830337524,
                "e22": -0.9482762217521667,
                "e23": -1.4599277973175049,
                "e30": 0.0,
                "e31": 0.0,
                "e32": 0.0,
                "e33": 1.0
            },
            "farClip": 2.033273696899414,
            "nearClip": 1.0968784093856812
        },
        {
            "clipEpsilon": 0.0063181184232234955,
            "crop": {
                "w": 0.4206257462501526,
                "x": 0.16620799899101257,
                "y": 0.2780996561050415,
                "z": 0.6121813058853149
            },
            "depthFocalLength": {
                "x": 1202.1641845703125,
                "y": 1201.934814453125
            },
            "depthImageSize": {
                "x": 2560.0,
                "y": 1440.0
            },
            "depthPrincipalPoint": {
                "x": 1278.9332275390625,
                "y": 737.34326171875
            },
            "extrinsics": {
                "e00": 0.03433368355035782,
                "e01": 0.7316030263900757,
                "e02": -0.6808657646179199,
                "e03": -1.0845621824264526,
                "e10": -0.9986540675163269,
                "e11": -0.0013854597928002477,
                "e12": -0.051847342401742935,
                "e13": -1.063522458076477,
                "e20": -0.03887498751282692,
                "e21": 0.6817294359207153,
                "e22": 0.7305707931518555,
                "e23": 1.2691164016723633,
                "e30": 0.0,
                "e31": 0.0,
                "e32": 0.0,
                "e33": 1.0
            },
            "farClip": 1.9139364957809448,
            "nearClip": 1.1225616931915283
        },
        {
            "clipEpsilon": 0.006444871891289949,
            "crop": {
                "w": 0.519119381904602,
                "x": 0.1596900373697281,
                "y": 0.2549246847629547,
                "z": 0.618699312210083
            },
            "depthFocalLength": {
                "x": 1199.1982421875,
                "y": 1198.3851318359375
            },
            "depthImageSize": {
                "x": 2560.0,
                "y": 1440.0
            },
            "depthPrincipalPoint": {
                "x": 1283.5308837890625,
                "y": 726.4181518554688
            },
            "extrinsics": {
                "e00": -0.008698521181941032,
                "e01": 0.679331362247467,
                "e02": 0.7337800860404968,
                "e03": 1.1564157009124756,
                "e10": -0.9989219307899475,
                "e11": 0.027559280395507812,
                "e12": -0.03735591471195221,
                "e13": -1.041823148727417,
                "e20": -0.04559949412941933,
                "e21": -0.7333139777183533,
                "e22": 0.6783592700958252,
                "e23": 1.1047308444976807,
                "e30": 0.0,
                "e31": 0.0,
                "e32": 0.0,
                "e33": 1.0
            },
            "farClip": 1.8695824146270752,
            "nearClip": 1.0937718152999878
        },
        {
            "clipEpsilon": 0.005133416038006544,
            "crop": {
                "w": 0.4901506006717682,
                "x": 0.1596900224685669,
                "y": 0.295480877161026,
                "z": 0.6317353248596191
            },
            "depthFocalLength": {
                "x": 1226.2806396484375,
                "y": 1226.161376953125
            },
            "depthImageSize": {
                "x": 2560.0,
                "y": 1440.0
            },
            "depthPrincipalPoint": {
                "x": 1275.639892578125,
                "y": 744.54052734375
            },
            "extrinsics": {
                "e00": 0.18682187795639038,
                "e01": -0.6505325436592102,
                "e02": -0.7361419796943665,
                "e03": -1.2222269773483276,
                "e10": -0.9732969999313354,
                "e11": -0.020827805623412132,
                "e12": -0.22860264778137207,
                "e13": -1.3673561811447144,
                "e20": 0.13338124752044678,
                "e21": 0.7591927647590637,
                "e22": -0.6370524764060974,
                "e23": -0.956127941608429,
                "e30": 0.0,
                "e31": 0.0,
                "e32": 0.0,
                "e33": 1.0
            },
            "farClip": 2.0167951583862305,
            "nearClip": 1.0427849292755127
        }
    ],
    "textureHeight": 2784,
    "textureWidth": 4096,
    "numRows": 2,
    "numColumns": 3
}