{
    "_versionMajor": 0,
    "_versionMinor": 4,
    "boundsCenter": {
        "x": 0.2299734354019165,
        "y": -0.5736653804779053,
        "z": 0.24146533012390137
    },
    "boundsSize": {
        "x": 3.640562057495117,
        "y": 4.087294578552246,
        "z": 3.431375741958618
    },
    "format": "perpixel",
    "numAngles": 5,
    "perspectives": [
        {
            "clipEpsilon": 0.003201651619747281,
            "crop": {
                "w": 1.0,
                "x": 0.12422140687704086,
                "y": 0.0,
                "z": 0.6655577421188354
            },
            "depthFocalLength": {
                "x": 913.5475463867188,
                "y": 912.9125366210938
            },
            "depthImageSize": {
                "x": 1920.0,
                "y": 1080.0
            },
            "depthPrincipalPoint": {
                "x": 956.7377319335938,
                "y": 550.3726196289062
            },
            "extrinsics": {
                "e00": -0.9989690184593201,
                "e01": 0.024429429322481155,
                "e02": -0.03826339915394783,
                "e03": -0.09490370750427246,
                "e10": 0.03046294115483761,
                "e11": 0.9856510758399963,
                "e12": -0.16602395474910736,
                "e13": -1.353300929069519,
                "e20": 0.03365848958492279,
                "e21": -0.16701841354370117,
                "e22": -0.9853790998458862,
                "e23": -1.7045282125473022,
                "e30": 0.0,
                "e31": 0.0,
                "e32": 0.0,
                "e33": 1.0
            },
            "farClip": 2.6053171157836914,
            "nearClip": 1.0436232089996338
        },
        {
            "clipEpsilon": 0.003648358164355159,
            "crop": {
                "w": 0.8810871839523315,
                "x": 0.07644394040107727,
                "y": 0.11891279369592667,
                "z": 0.738816499710083
            },
            "depthFocalLength": {
                "x": 918.948486328125,
                "y": 918.5714721679688
            },
            "depthImageSize": {
                "x": 1920.0,
                "y": 1080.0
            },
            "depthPrincipalPoint": {
                "x": 960.7064208984375,
                "y": 554.01318359375
            },
            "extrinsics": {
                "e00": 0.1326647251844406,
                "e01": 0.7571526169776917,
                "e02": -0.6396248936653137,
                "e03": -1.2494168281555176,
                "e10": -0.9695379137992859,
                "e11": -0.03492825850844383,
                "e12": -0.2424381822347641,
                "e13": -1.471036672592163,
                "e20": -0.20590367913246155,
                "e21": 0.6523035764694214,
                "e22": 0.7294543981552124,
                "e23": 1.3331314325332642,
                "e30": 0.0,
                "e31": 0.0,
                "e32": 0.0,
                "e33": 1.0
            },
            "farClip": 2.473982334136963,
            "nearClip": 1.103502869606018
        },
        {
            "clipEpsilon": 0.002484391676262021,
            "crop": {
                "w": 1.0,
                "x": 0.06051811948418617,
                "y": 0.0,
                "z": 0.7642978429794312
            },
            "depthFocalLength": {
                "x": 909.8701782226562,
                "y": 909.4414672851562
            },
            "depthImageSize": {
                "x": 1920.0,
                "y": 1080.0
            },
            "depthPrincipalPoint": {
                "x": 959.8694458007812,
                "y": 550.7261962890625
            },
            "extrinsics": {
                "e00": -0.3305549919605255,
                "e01": 0.6026339530944824,
                "e02": 0.726337194442749,
                "e03": 1.2321237325668335,
                "e10": -0.9379251003265381,
                "e11": -0.12411756813526154,
                "e12": -0.32386934757232666,
                "e13": -1.524606466293335,
                "e20": -0.10502345114946365,
                "e21": -0.788306474685669,
                "e22": 0.6062532067298889,
                "e23": 1.162817358970642,
                "e30": 0.0,
                "e31": 0.0,
                "e32": 0.0,
                "e33": 1.0
            },
            "farClip": 2.5058863162994385,
            "nearClip": 0.49332109093666077
        },
        {
            "clipEpsilon": 0.0031719424296170473,
            "crop": {
                "w": 1.0,
                "x": 0.09555491805076599,
                "y": 0.0,
                "z": 0.7228907346725464
            },
            "depthFocalLength": {
                "x": 919.6367797851562,
                "y": 919.1775512695312
            },
            "depthImageSize": {
                "x": 1920.0,
                "y": 1080.0
            },
            "depthPrincipalPoint": {
                "x": 958.9078979492188,
                "y": 547.916015625
            },
            "extrinsics": {
                "e00": -0.2357155680656433,
                "e01": -0.7640953063964844,
                "e02": 0.6004968881607056,
                "e03": 1.0924447774887085,
                "e10": -0.9286976456642151,
                "e11": -0.004919328261166811,
                "e12": -0.37080517411231995,
                "e13": -1.5400621891021729,
                "e20": 0.28628453612327576,
                "e21": -0.64508455991745,
                "e22": -0.7084540128707886,
                "e23": -1.2675758600234985,
                "e30": 0.0,
                "e31": 0.0,
                "e32": 0.0,
                "e33": 1.0
            },
            "farClip": 2.6064958572387695,
            "nearClip": 1.030174732208252
        },
        {
            "clipEpsilon": 0.00267609185539186,
            "crop": {
                "w": 0.9377123713493347,
                "x": 0.18473953008651733,
                "y": 0.06228765472769737,
                "z": 0.649631917476654
            },
            "depthFocalLength": {
                "x": 911.5370483398438,
                "y": 911.4032592773438
            },
            "depthImageSize": {
                "x": 1920.0,
                "y": 1080.0
            },
            "depthPrincipalPoint": {
                "x": 961.2340087890625,
                "y": 549.2305908203125
            },
            "extrinsics": {
                "e00": 0.23782379925251007,
                "e01": -0.5646792650222778,
                "e02": -0.7903019189834595,
                "e03": -1.339893102645874,
                "e10": -0.9555246233940125,
                "e11": 0.010070554912090302,
                "e12": -0.29473942518234253,
                "e13": -1.4740244150161743,
                "e20": 0.17439202964305878,
                "e21": 0.8252489566802979,
                "e22": -0.5371699333190918,
                "e23": -1.141953468322754,
                "e30": 0.0,
                "e31": 0.0,
                "e32": 0.0,
                "e33": 1.0
            },
            "farClip": 3.035245180130005,
            "nearClip": 1.16684889793396
        }
    ],
    "textureHeight": 4320,
    "textureWidth": 3840,
    "numRows": 2,
    "numColumns": 3
}