{
    "_versionMajor": 0,
    "_versionMinor": 4,
    "boundsCenter": {
        "x": -0.09224557876586914,
        "y": -0.5581932067871094,
        "z": 0.16249942779541016
    },
    "boundsSize": {
        "x": 4.199749946594238,
        "y": 4.614739418029785,
        "z": 3.313126564025879
    },
    "format": "perpixel",
    "numAngles": 5,
    "perspectives": [
        {
            "clipEpsilon": 0.0031488495878875256,
            "crop": {
                "w": 1.0,
                "x": 0.1465175598859787,
                "y": 0.0,
                "z": 0.738816499710083
            },
            "depthFocalLength": {
                "x": 913.5475463867188,
                "y": 912.9125366210938
            },
            "depthImageSize": {
                "x": 1920.0,
                "y": 1080.0
            },
            "depthPrincipalPoint": {
                "x": 956.7377319335938,
                "y": 550.3726196289062
            },
            "extrinsics": {
                "e00": -0.9989690184593201,
                "e01": 0.024429429322481155,
                "e02": -0.03826339915394783,
                "e03": -0.09490370750427246,
                "e10": 0.03046294115483761,
                "e11": 0.9856510758399963,
                "e12": -0.16602395474910736,
                "e13": -1.353300929069519,
                "e20": 0.03365848958492279,
                "e21": -0.16701841354370117,
                "e22": -0.9853790998458862,
                "e23": -1.7045282125473022,
                "e30": 0.0,
                "e31": 0.0,
                "e32": 0.0,
                "e33": 1.0
            },
            "farClip": 2.7074766159057617,
            "nearClip": 1.1195951700210571
        },
        {
            "clipEpsilon": 0.003405933966860175,
            "crop": {
                "w": 1.0,
                "x": 0.09555492550134659,
                "y": 0.0,
                "z": 0.7005945444107056
            },
            "depthFocalLength": {
                "x": 918.948486328125,
                "y": 918.5714721679688
            },
            "depthImageSize": {
                "x": 1920.0,
                "y": 1080.0
            },
            "depthPrincipalPoint": {
                "x": 960.7064208984375,
                "y": 554.01318359375
            },
            "extrinsics": {
                "e00": 0.1326647251844406,
                "e01": 0.7571526169776917,
                "e02": -0.6396248936653137,
                "e03": -1.2494168281555176,
                "e10": -0.9695379137992859,
                "e11": -0.03492825850844383,
                "e12": -0.2424381822347641,
                "e13": -1.471036672592163,
                "e20": -0.20590367913246155,
                "e21": 0.6523035764694214,
                "e22": 0.7294543981552124,
                "e23": 1.3331314325332642,
                "e30": 0.0,
                "e31": 0.0,
                "e32": 0.0,
                "e33": 1.0
            },
            "farClip": 2.571528911590576,
            "nearClip": 1.103502869606018
        },
        {
            "clipEpsilon": 0.0032777751330286264,
            "crop": {
                "w": 1.0,
                "x": 0.10192525386810303,
                "y": 0.0,
                "z": 0.8471121191978455
            },
            "depthFocalLength": {
                "x": 909.8701782226562,
                "y": 909.4414672851562
            },
            "depthImageSize": {
                "x": 1920.0,
                "y": 1080.0
            },
            "depthPrincipalPoint": {
                "x": 959.8694458007812,
                "y": 550.7261962890625
            },
            "extrinsics": {
                "e00": -0.3305549919605255,
                "e01": 0.6026339530944824,
                "e02": 0.726337194442749,
                "e03": 1.2321237325668335,
                "e10": -0.9379251003265381,
                "e11": -0.12411756813526154,
                "e12": -0.32386934757232666,
                "e13": -1.524606466293335,
                "e20": -0.10502345114946365,
                "e21": -0.788306474685669,
                "e22": 0.6062532067298889,
                "e23": 1.162817358970642,
                "e30": 0.0,
                "e31": 0.0,
                "e32": 0.0,
                "e33": 1.0
            },
            "farClip": 2.3795371055603027,
            "nearClip": 0.8541122078895569
        },
        {
            "clipEpsilon": 0.002476803958415985,
            "crop": {
                "w": 1.0,
                "x": 0.09555492550134659,
                "y": 0.0,
                "z": 0.7738533020019531
            },
            "depthFocalLength": {
                "x": 919.6367797851562,
                "y": 919.1775512695312
            },
            "depthImageSize": {
                "x": 1920.0,
                "y": 1080.0
            },
            "depthPrincipalPoint": {
                "x": 958.9078979492188,
                "y": 547.916015625
            },
            "extrinsics": {
                "e00": -0.2357155680656433,
                "e01": -0.7640953063964844,
                "e02": 0.6004968881607056,
                "e03": 1.0924447774887085,
                "e10": -0.9286976456642151,
                "e11": -0.004919328261166811,
                "e12": -0.37080517411231995,
                "e13": -1.5400621891021729,
                "e20": 0.28628453612327576,
                "e21": -0.64508455991745,
                "e22": -0.7084540128707886,
                "e23": -1.2675758600234985,
                "e30": 0.0,
                "e31": 0.0,
                "e32": 0.0,
                "e33": 1.0
            },
            "farClip": 2.850465774536133,
            "nearClip": 0.8317351341247559
        },
        {
            "clipEpsilon": 0.0036925028543919325,
            "crop": {
                "w": 1.0,
                "x": 0.1465175598859787,
                "y": 0.0,
                "z": 0.7547423243522644
            },
            "depthFocalLength": {
                "x": 911.5370483398438,
                "y": 911.4032592773438
            },
            "depthImageSize": {
                "x": 1920.0,
                "y": 1080.0
            },
            "depthPrincipalPoint": {
                "x": 961.2340087890625,
                "y": 549.2305908203125
            },
            "extrinsics": {
                "e00": 0.23782379925251007,
                "e01": -0.5646792650222778,
                "e02": -0.7903019189834595,
                "e03": -1.339893102645874,
                "e10": -0.9555246233940125,
                "e11": 0.010070554912090302,
                "e12": -0.29473942518234253,
                "e13": -1.4740244150161743,
                "e20": 0.17439202964305878,
                "e21": 0.8252489566802979,
                "e22": -0.5371699333190918,
                "e23": -1.141953468322754,
                "e30": 0.0,
                "e31": 0.0,
                "e32": 0.0,
                "e33": 1.0
            },
            "farClip": 2.4420509338378906,
            "nearClip": 1.0879558324813843
        }
    ],
    "textureHeight": 4320,
    "textureWidth": 4272,
    "numRows": 2,
    "numColumns": 3
}